# Created by Octave 5.1.0, Sat May 11 21:44:05 2019 GMT <unknown@DESKTOP-CSA6NIS>
# name: rndstate
# type: uint32 matrix
# ndims: 2
 625 1
 1577281164
 2373856240
 2358429232
 1689391266
 3590340015
 2691889579
 2656702129
 2362401776
 886030880
 1847326084
 1489394100
 2843970191
 3401565953
 211402312
 3662207896
 1274203999
 2860398047
 474810761
 2912045720
 1431481889
 519664393
 561415438
 899162140
 4158884409
 696402279
 4239021643
 1501154564
 1055305692
 695189343
 1362381649
 544613276
 2502192959
 1618629101
 3937286416
 1951097463
 1280748513
 1623516452
 1269678441
 1575225945
 2536631461
 1383128174
 2732760720
 1029026836
 94245867
 3347287602
 2660873170
 2428226386
 538261256
 3892486793
 1116992900
 3889373932
 387636799
 4267657942
 997215988
 1443321937
 4059272436
 1341621972
 3589442354
 2674390932
 3853583153
 4252192847
 1640204343
 2772645364
 41328101
 3340700185
 29695961
 1995339830
 4195393800
 1153819455
 2248773269
 2557462016
 1245936121
 260548332
 1284290297
 4162395364
 868697039
 3241969385
 1003514846
 865126684
 2087707787
 2504852060
 2372271443
 645513201
 3074276725
 1934119982
 4099227554
 3417190020
 2577835465
 3990407223
 4051367150
 2137522351
 3191293431
 2842301893
 3786880301
 1709958280
 695251667
 3695512698
 577326113
 1979244776
 123496753
 1994725870
 3114626123
 4006350738
 3007126055
 368888683
 27776037
 1183361011
 761389474
 3646309846
 1236434778
 1121641866
 3223322493
 1356754387
 2570182243
 765819003
 3764096156
 3030356586
 3936411683
 4025720864
 4179614245
 1066376445
 2756288546
 3266838521
 3401389089
 3345813280
 3358344859
 2099651276
 1379858328
 2207883284
 2403650241
 24273446
 3241140442
 140191187
 1239164452
 1674303917
 2320392079
 1881695448
 2407818849
 2718220118
 2488858368
 3242054078
 2456117496
 2148103005
 4120159244
 3400303019
 1044545619
 2299748027
 2728648190
 2146361291
 4172941295
 2361843686
 3551190610
 1138956533
 1661674197
 1862130338
 3624017518
 2008619443
 2546712370
 1787678950
 651351805
 2168296610
 3227175574
 1651254526
 1255130153
 3736788371
 1791943675
 2992762160
 260164424
 3232476821
 2724920885
 1288785604
 515489051
 33063683
 2411625723
 79456308
 17419978
 167981461
 4209629646
 2378988838
 1106140693
 3574901124
 1636887595
 1444581359
 3314241979
 2811182526
 1476269650
 1581367200
 2751351856
 3120658480
 2945527551
 3541856889
 3439488637
 4095332739
 3565115834
 1239478573
 1440071760
 893899655
 2253650254
 1810476377
 3558300488
 1363778285
 423265536
 1509124398
 579417685
 705992645
 258287323
 373142267
 913366117
 833128711
 2360393805
 1559154429
 1050828319
 3824606731
 805848970
 109801505
 3234350747
 720055762
 4053653593
 466634986
 1734171959
 2556057885
 226887219
 1324495438
 2765460688
 343665704
 1234524080
 3733639156
 3610279260
 1213074975
 157211389
 4010356345
 1291255301
 1017829802
 1806302422
 269743617
 1916277251
 4043071773
 2710539767
 4171840902
 3452869187
 3385886924
 3930041749
 2348964653
 1023898099
 2472433602
 2429410122
 1130503834
 363911185
 832181596
 2457006087
 3674437650
 20501788
 502468817
 3863411186
 1422175286
 2366478345
 4015621378
 4152250363
 3611295461
 528465649
 3732663448
 3329597230
 1354054138
 3524338640
 409018894
 1331144487
 1773517662
 3987716726
 3606727089
 435648645
 1689045669
 2695037274
 3579100593
 1271390108
 2503919667
 2140548845
 3440413125
 3333352644
 2216120882
 2406086710
 2251206014
 1109762773
 3856706138
 2701036144
 2201585599
 4025729014
 2157168544
 987699026
 1609566903
 360912979
 79179630
 3199641158
 1022701742
 3853150772
 1331180129
 2131849366
 966789557
 2081848520
 3663306530
 2072981633
 3443316715
 3945926008
 3902901694
 2109418729
 630445910
 349377999
 2486385552
 1762617184
 2736950373
 698948970
 49618740
 2092692616
 2905862542
 1445229644
 1268932592
 916645446
 691663140
 3635640463
 3325850130
 4276315332
 1778833905
 234046325
 1138705021
 2292052931
 144068361
 572406064
 3824982478
 446970775
 2134623429
 106612801
 4185922417
 799740733
 1635718452
 391317574
 1383974989
 1602731643
 997001767
 3575053590
 4044377073
 1262092951
 343968821
 2456616834
 3909710847
 3578117990
 16316080
 2049963575
 1259271070
 486471158
 374707304
 828787363
 1627197927
 2665388273
 1175119429
 1980335433
 3029698851
 690407259
 1686488540
 376340236
 2919121585
 1731815512
 1142295820
 3548188152
 3721754119
 3893770202
 505268734
 3621095374
 1330995882
 1342231100
 4030702504
 2829809322
 1570526787
 1110375918
 1142954813
 3291721810
 4070387690
 2951507225
 275557708
 306568991
 1877439318
 3572529667
 3241817294
 2614197398
 627874419
 1233335903
 916213219
 3219277395
 225400415
 2788320494
 3002970899
 1711864816
 2806650507
 1497101920
 484807227
 1827940263
 1855787491
 3978726338
 2147952027
 170366488
 1814699588
 2126962487
 2556556288
 2789226709
 1749161128
 4162780657
 3935709616
 1052671640
 191068801
 2888677413
 3691592101
 465166700
 3228399026
 901515859
 2630927273
 3453390008
 4083614871
 3572752444
 3018910871
 3754175753
 4265640057
 260076387
 1224862031
 3862451191
 590661154
 837984773
 841421999
 3093510059
 2027381456
 2682640184
 3341590127
 2618458140
 2867221959
 3465929774
 2507529864
 2906392719
 3725776355
 177794127
 3271010566
 2391615518
 1209262431
 3913164799
 2560138753
 209881710
 1662318494
 1738108291
 2710705221
 3082770841
 3901382319
 1777403863
 1572939520
 2439312838
 2180180004
 1746011114
 3297472879
 2876988529
 24041401
 3005401282
 2636475937
 3138138754
 2743843634
 1324435233
 2641582597
 846323959
 2511697914
 4210073547
 2731880895
 564807762
 3116248766
 2871162446
 3179908709
 3957214188
 673566458
 480459827
 2348193930
 2406352294
 2519015194
 142823154
 1313538657
 3422885460
 1924594244
 2647396087
 2852265505
 1829729534
 3498775292
 2671524625
 2834618601
 4228663483
 460705745
 1221097461
 1180106568
 1067189884
 903723380
 4255068190
 822421115
 1460419194
 1475513593
 1705987095
 2161710072
 3313659708
 2110629500
 3709714119
 4028051310
 3644719749
 167161077
 2501262056
 3073631086
 1629001737
 3673627793
 991616360
 391125242
 3615427397
 3284031491
 1328398687
 61467610
 3750008996
 2992237089
 3367642447
 2353540793
 2013629751
 3572549628
 98528211
 1330020550
 4053601818
 1790761830
 2924867661
 3238081500
 2823450194
 1466456718
 351052937
 693742482
 1507548652
 1574923732
 3942714332
 2705845566
 1094343372
 310208759
 875670952
 637216609
 763907226
 3928063826
 2744364873
 3739715070
 2886729590
 249552908
 942719277
 690173756
 1211635713
 3065809144
 2978423458
 3396891305
 3793599628
 941421281
 1267476623
 3313867789
 3739188936
 3690638589
 3726592844
 1906249608
 2556961280
 2937315112
 2266535727
 1279124733
 3150437197
 1764523149
 1252636687
 1767400749
 2145367696
 3541909216
 3601275009
 320360857
 237811272
 1170274793
 2460074943
 1101999478
 2654186838
 3898579257
 2782374759
 3049493650
 1338663440
 865294385
 3964550555
 3953187992
 495031719
 2622704083
 2326618859
 869051030
 1297808545
 3952081749
 1251102683
 188019917
 239403230
 2610045844
 763168387
 3140275857
 3668136076
 665234657
 2762246871
 3564344002
 2496422378
 3260069478
 1581650637
 1571652811
 2420372319
 1341433271
 3998419855
 1317588484
 769918977
 3518547097
 1412151006
 2883712842
 2859215847
 2610797267
 4000283813
 4124798869
 3743235851
 3816137064
 2792384279
 2386136221
 1483595126
 2987083357
 3462357065
 3700574686
 4149866676
 806493830
 4010186461
 411


